[ ]
00000000
00000000
00000000
00000000
00000000
00000000
00000000
00000000
[A]
00011000
00111100
01100110
01100110
01111110
01100110
01100110
01100110
[B]
01111100
01100110
01100110
01111100
01111110
01100110
01100110
01111100
[C]
00111110
01111110
01100000
01100000
01100000
01100000
01111110
00111110
[D]
01111100
01100011
01100011
01100011
01100011
01100011
01100011
01111100
[E]
11111111
11111111
11100000
11111100
11111100
11100000
11111111
11111111
[F]
11111111
11111111
11100000
11111110
11111110
11100000
11100000
11100000
[G]
00111110
11100000
11000000
11000000
11001111
11000011
11100111
01111111
[H]
11000011
11000011
11000011
11111111
11111111
11000011
11000011
11000011
[I]
11111111
01111110
00011000
00011000
00011000
00011000
01111110
11111111
[J]
11111111
01111110
00001100
00001100
00001100
11001100
11001100
01111100
[K]
11000110
11001100
11011000
11110000
11110000
11011000
11001100
11000110
[L]
11000000
11000000
11000000
11000000
11000000
11000000
11111111
11111111
[M]
11000011
11100111
11111111
11011011
11011011
11000011
11000011
11000011
[N]
11100011
11110011
11110011
11011011
11011011
11001111
11001111
11000011
[O]
00111100
11000011
11000011
11000011
11000011
11000011
11000011
01111110
[P]
11111100
11000110
11000110
11000110
11111100
11000000
11000000
11000000
[Q]
01111110
11000011
11000011
11000011
11000011
11001011
11001111
00111011
[R]
11111100
11000110
11000110
11000110
11111100
11000110
11000110
11000011
[S]
00111111
01100000
11100000
01111000
00001100
00000110
00000110
11111110
[T]
11111111
11111111
00011000
00011000
00011000
00011000
00011000
00011000
[U]
11000011
11000011
11000011
11000011
11000011
11000011
11000011
01111110
[V]
11000011
11000011
11000011
11000011
11000011
01100110
01100110
00011000
[W]
11000011
11000011
11000011
11000011
11011011
11011011
11111011
11100111
[X]
11000011
01100110
00111100
00011000
00011000
00111100
01100110
11000011
[Y]
11000011
11000011
01100110
00111100
00011000
00011000
00011000
00011000
[Z]
11111111
01111111
00000110
00001110
00111000
01100000
11111110
11111111
[a]
00000000
00111110
01100010
00000011
00111111
11000011
11000111
01111011
[b]
11000000
11000000
11000000
11011110
11100011
11100011
11100011
11011110
[c]
00000000
00000000
00111110
01100011
11100000
01100000
01100011
00111110
[d]
00000011
00000011
00000011
00000011
01111111
11000011
11000111
01111011
[e]
00000000
00000000
00111111
01100011
11111110
11000000
01100000
00111110
[f]
00000000
00111110
00110000
01111110
01111110
00110000
00110000
00110000
[g]
00000000
00011100
01100011
01100011
00111111
00000110
01100110
00111100
[h]
11000000
11000000
11000000
11111100
11100110
11000011
11000011
11000011
[i]
00000000
00011000
00011000
00000000
00111000
00011000
00011000
00111100
[j]
00000000
00001100
00001100
00000000
00111100
00001100
11001100
01111000
[k]
11000000
11000000
11000000
11011000
11110000
11110000
11011000
11001100
[l]
11000000
11000000
11000000
11000000
11000000
01100000
01100100
01111100
[m]
00000000
00000000
00000000
00000000
11110111
11011001
11011011
11000011
[n]
00000000
00000000
00000000
00000000
11011100
11100011
11000011
11000011
[o]
00000000
00000000
00000000
00111100
11100111
11000011
11100111
00111100
[p]
00000000
00000000
11011110
11100011
11110011
11011110
11000000
11000000
[q]
00000000
00000000
01111101
11000111
11000111
01111011
00000011
00000011
[r]
00000000
00000000
11111110
11100110
11100000
11000000
11000000
11000000
[s]
00000000
00000000
00111100
01100011
00110000
00001100
11000110
01111110
[t]
00000000
00110000
00110000
00110000
11111100
00110000
00011000
00001111
[u]
00000000
00000000
00000000
11000011
11000011
11000011
11000111
01111011
[v]
00000000
00000000
00000000
00000000
11000011
01100110
00111100
00011000
[w]
00000000
00000000
00000000
11000011
11000011
11011011
11011011
01100110
[x]
00000000
00000000
00000000
11000011
01100110
00011000
01100110
11000011
[y]
00000000
00000000
01100011
01100011
00111111
00000111
01100011
00111110
[z]
00000000
00000000
00000000
11111111
00001111
00011100
01110000
11111111
[0]
00111100
11000011
11000111
11001111
11011011
11110011
11000011
01111110
[1]
00011100
01111100
00001100
00001100
00001100
00001100
00011110
01111111
[2]
01111110
11000110
11000110
00001100
00011000
00110000
01111111
11111111
[3]
00111110
01100110
00000110
00111100
00111110
00000110
01100110
00111100
[4]
00000111
00011111
00110011
01100011
11111111
00000011
00000011
00000011
[5]
11111111
11000000
11000000
11111110
00000011
00000011
11000110
01111100
[6]
00111110
01100000
11000000
11000000
11111111
11000011
11100011
01111110
[7]
11111111
11111111
00000110
00001100
00011000
00110000
01100000
11000000
[8]
01111110
11000011
11000011
01111110
01111110
11000011
11000011
01111110
[9]
01111111
11000011
11000011
01111111
00000111
00000011
11000111
01111110
[!]
00011000
00011000
00011000
00011000
00011000
00000000
00011000
00011000
[@]
00011110
00100011
01001111
11010111
11010010
11011100
11000000
01111110
[#]
00100100
00100100
11111111
00100100
00100100
11111111
00100100
00100100
[$]
00011000
01111110
11011011
01111000
00011100
11011011
01111110
00011000
[%]
01100001
10010010
01100100
00001000
00010000
00100110
01001001
10000110
[^]
00000000
00011000
00100100
01000010
10000001
00000000
00000000
00000000
[&]
00011100
00100100
00101000
00010010
00111001
01100101
01100110
00011001
[*]
01010100
00111000
01111100
00111000
01010100
00000000
00000000
00000000
[(]
00000100
00011000
00100000
01100000
01100000
00100000
00011000
00000100
[)]
00100000
00011000
00000100
00000110
00000110
00000100
00011000
00100000
[-]
00000000
00000000
00000000
01111110
01111110
00000000
00000000
00000000
[+]
00000000
00011000
00011000
01111110
01111110
00011000
00011000
00000000
[_]
00000000
00000000
00000000
00000000
00000000
00000000
00000000
11111111
[=]
00000000
01111110
01111110
00000000
00000000
01111110
01111110
00000000
[{]
00000111
00000100
00001100
01110000
01110000
00001100
00000100
00000011
[}]
11100000
00100000
00110000
00001110
00001110
00110000
00100000
11000000
[|]
00011000
00011000
00011000
00011000
00011000
00011000
00011000
00011000
[\\]
10000000
01000000
00100000
00010000
00001000
00000100
00000010
00000001
[:]
00000000
00000000
00011000
00000000
00011000
00000000
00000000
00000000
[;]
00000000
00011000
00011000
00000000
00000000
00011100
00001100
00001000
["]
00000000
00000000
01100110
01100110
01100110
00000000
00000000
00000000
[']
00000000
00011000
00011000
00011000
00000000
00000000
00000000
00000000
[<]
00000001
00000110
00011000
01100000
01100000
00011000
00000110
00000001
[>]
10000000
01100000
00011000
00000110
00000110
00011000
01100000
10000000
[,]
00000000
00000000
00000000
00011100
00111100
00001100
00001100
00110000
[.]
00000000
00000000
00000000
00000000
00000000
00000000
00011000
00011000
[/]
00000001
00000010
00000100
00001000
00010000
00100000
01000000
10000000
[?]
00111110
01100110
00001100
00011000
00011000
00000000
00011000
00011000
[`]
01100000
00110000
00011000
00000000
00000000
00000000
00000000
00000000
[~]
00000000
00000000
00000000
01110001
10001110
00000000
00000000
00000000
[[]
01111000
01100000
01100000
01100000
01100000
01100000
01100000
01111000
[]]
00011110
00000110
00000110
00000110
00000110
00000110
00000110
00011110